59 203.885000 370.975000 401.230000 208.250000
58 213.750000 182.755000 60.780000 92.390000
73 460.265000 210.295000 8.570000 35.590000
73 457.320000 269.935000 8.020000 33.930000
73 447.420000 317.470000 5.320000 39.680000
73 512.025000 209.410000 12.150000 36.780000
73 491.250000 213.355000 7.480000 28.050000
56 297.180000 274.295000 104.720000 87.690000
58 388.605000 283.870000 82.510000 143.000000
73 475.575000 209.690000 29.330000 36.040000
73 539.220000 268.785000 24.400000 40.430000
73 521.430000 210.525000 4.080000 34.190000
73 499.430000 69.110000 4.080000 27.360000
73 525.720000 116.265000 2.800000 37.770000
73 509.655000 158.900000 32.590000 6.360000
73 478.935000 251.340000 48.550000 12.140000
73 465.890000 270.335000 8.240000 33.310000
73 492.500000 194.500000 153.000000 303.000000
