58 249.330000 177.260000 24.700000 69.500000
62 81.690000 215.195000 149.320000 94.870000
62 597.885000 248.555000 81.350000 78.730000
56 386.980000 269.465000 56.000000 102.830000
56 321.605000 267.240000 61.830000 98.480000
56 428.285000 263.690000 30.170000 81.360000
56 328.190000 225.035000 21.580000 11.590000
0 439.325000 226.615000 53.050000 138.010000
0 391.990000 190.080000 15.120000 35.740000
68 519.590000 213.735000 14.740000 15.970000
72 503.245000 228.495000 20.290000 108.310000
73 611.940000 328.745000 14.340000 45.710000
73 619.680000 331.460000 12.880000 46.440000
74 454.755000 132.060000 13.970000 21.880000
75 567.400000 354.265000 36.680000 89.670000
75 356.445000 220.115000 11.370000 22.550000
56 417.065000 225.280000 9.630000 12.520000
75 248.350000 203.805000 14.220000 17.630000
75 341.655000 207.865000 9.730000 16.730000
60 383.990000 275.685000 125.560000 88.930000
