1 0.9896989 348.24595642089844 277.44382095336914 439.4471740722656 294.4303665161133
7 0.9143512 578.8677062988281 123.43918132781982 227.8831329345703 96.96576118469238
16 0.99103534 221.44901275634766 385.38222885131836 177.94357681274414 302.57247161865234
1 0.9896989 348.24595642089844 277.44382095336914 439.4471740722656 294.4303665161133
7 0.9143512 578.8677062988281 123.43918132781982 227.8831329345703 96.96576118469238
16 0.99103534 221.44901275634766 385.38222885131836 177.94357681274414 302.57247161865234
16 0.99103534 221.44901275634766 385.38222885131836 177.94357681274414 302.57247161865234
1 0.9896989 348.24595642089844 277.44382095336914 439.4471740722656 294.4303665161133
7 0.9143512 578.8677062988281 123.43918132781982 227.8831329345703 96.96576118469238
1 0.9896989 348.24595642089844 277.44382095336914 439.4471740722656 294.4303665161133
7 0.9143512 578.8677062988281 123.43918132781982 227.8831329345703 96.96576118469238
16 0.99103534 221.44901275634766 385.38222885131836 177.94357681274414 302.57247161865234
16 0.99103534 221.44901275634766 385.38222885131836 177.94357681274414 302.57247161865234
1 0.9896989 348.24595642089844 277.44382095336914 439.4471740722656 294.4303665161133
7 0.9143512 578.8677062988281 123.43918132781982 227.8831329345703 96.96576118469238
58 0.074271135 80.47765731811523 104.67692756652832 50.30558967590332 49.24425029754639
58 0.052125003 700.0427856445312 137.00842094421387 32.540496826171875 36.325435638427734
0 0.027107589 608.4840087890625 113.37102699279785 18.262893676757812 15.28593921661377
58 0.026278038 68.68807411193848 113.72181701660156 23.629451751708984 45.66350555419922
39 0.020362023 372.3460922241211 326.22342681884766 14.819000244140625 31.9141845703125
12 0.010298765 437.3573913574219 122.88584804534912 20.708770751953125 25.23585319519043
58 0.0074295877 700.9509887695312 130.84114265441895 51.37779235839844 51.56540393829346
2 0.0069695655 733.6524353027344 127.21960258483887 14.942184448242188 15.416873931884766
2 0.0068729557 100.7981185913086 80.21868324279785 23.06604766845703 19.191055297851562
2 0.0066714254 84.14105415344238 85.18225479125977 57.41849899291992 27.58324956893921
2 0.00625572 66.4914608001709 92.88528442382812 21.791736602783203 18.768699645996094
58 0.0060202153 68.90180969238281 125.8860855102539 19.07944679260254 22.43448543548584
58 0.0054449704 100.75349807739258 204.5709228515625 36.24876594543457 13.312047958374023
16 0.99103534 221.44901275634766 385.38222885131836 177.94357681274414 302.57247161865234
1 0.9896989 348.24595642089844 277.44382095336914 439.4471740722656 294.4303665161133
7 0.9143512 578.8677062988281 123.43918132781982 227.8831329345703 96.96576118469238
58 0.074271135 80.47765731811523 104.67692756652832 50.30558967590332 49.24425029754639
58 0.052125003 700.0427856445312 137.00842094421387 32.540496826171875 36.325435638427734
0 0.027107589 608.4840087890625 113.37102699279785 18.262893676757812 15.28593921661377
58 0.026278038 68.68807411193848 113.72181701660156 23.629451751708984 45.66350555419922
39 0.020362023 372.3460922241211 326.22342681884766 14.819000244140625 31.9141845703125
12 0.010298765 437.3573913574219 122.88584804534912 20.708770751953125 25.23585319519043
58 0.0074295877 700.9509887695312 130.84114265441895 51.37779235839844 51.56540393829346
2 0.0069695655 733.6524353027344 127.21960258483887 14.942184448242188 15.416873931884766
2 0.0068729557 100.7981185913086 80.21868324279785 23.06604766845703 19.191055297851562
2 0.0066714254 84.14105415344238 85.18225479125977 57.41849899291992 27.58324956893921
2 0.00625572 66.4914608001709 92.88528442382812 21.791736602783203 18.768699645996094
58 0.0060202153 68.90180969238281 125.8860855102539 19.07944679260254 22.43448543548584
58 0.0054449704 100.75349807739258 204.5709228515625 36.24876594543457 13.312047958374023
0 0.027107589 608.4840087890625 113.37102699279785 18.262893676757812 15.28593921661377
1 0.9896989 348.24595642089844 277.44382095336914 439.4471740722656 294.4303665161133
2 0.020361932 82.96866989135742 96.11186599731445 53.45533561706543 46.5062255859375
2 0.0069695655 733.6524353027344 127.21960258483887 14.942184448242188 15.416873931884766
2 0.0068729557 100.7981185913086 80.21868324279785 23.06604766845703 19.191055297851562
2 0.00625572 66.4914608001709 92.88528442382812 21.791736602783203 18.768699645996094
7 0.9143512 578.8677062988281 123.43918132781982 227.8831329345703 96.96576118469238
12 0.010298765 437.3573913574219 122.88584804534912 20.708770751953125 25.23585319519043
16 0.99103534 221.44901275634766 385.38222885131836 177.94357681274414 302.57247161865234
39 0.020362023 372.3460922241211 326.22342681884766 14.819000244140625 31.9141845703125
58 0.074271135 80.47765731811523 104.67692756652832 50.30558967590332 49.24425029754639
58 0.052125003 700.0427856445312 137.00842094421387 32.540496826171875 36.325435638427734
58 0.026278038 68.68807411193848 113.72181701660156 23.629451751708984 45.66350555419922
58 0.0074295877 700.9509887695312 130.84114265441895 51.37779235839844 51.56540393829346
58 0.0060202153 68.90180969238281 125.8860855102539 19.07944679260254 22.43448543548584
58 0.0054449704 100.75349807739258 204.5709228515625 36.24876594543457 13.312047958374023
16 0.99103534 221.44901275634766 385.38222885131836 177.94357681274414 302.57247161865234
1 0.9896989 348.24595642089844 277.44382095336914 439.4471740722656 294.4303665161133
7 0.9143512 578.8677062988281 123.43918132781982 227.8831329345703 96.96576118469238
58 0.074271135 80.47765731811523 104.67692756652832 50.30558967590332 49.24425029754639
58 0.052125003 700.0427856445312 137.00842094421387 32.540496826171875 36.325435638427734
0 0.027107589 608.4840087890625 113.37102699279785 18.262893676757812 15.28593921661377
58 0.026278038 68.68807411193848 113.72181701660156 23.629451751708984 45.66350555419922
39 0.020362023 372.3460922241211 326.22342681884766 14.819000244140625 31.9141845703125
12 0.010298765 437.3573913574219 122.88584804534912 20.708770751953125 25.23585319519043
58 0.0074295877 700.9509887695312 130.84114265441895 51.37779235839844 51.56540393829346
2 0.0069695655 733.6524353027344 127.21960258483887 14.942184448242188 15.416873931884766
2 0.0068729557 100.7981185913086 80.21868324279785 23.06604766845703 19.191055297851562
2 0.0066714254 84.14105415344238 85.18225479125977 57.41849899291992 27.58324956893921
2 0.00625572 66.4914608001709 92.88528442382812 21.791736602783203 18.768699645996094
58 0.0060202153 68.90180969238281 125.8860855102539 19.07944679260254 22.43448543548584
58 0.0054449704 100.75349807739258 204.5709228515625 36.24876594543457 13.312047958374023
16 0.99103534 221.44901275634766 385.38222885131836 177.94357681274414 302.57247161865234
1 0.9896989 348.24595642089844 277.44382095336914 439.4471740722656 294.4303665161133
7 0.9143512 578.8677062988281 123.43918132781982 227.8831329345703 96.96576118469238
58 0.074271135 80.47765731811523 104.67692756652832 50.30558967590332 49.24425029754639
58 0.052125003 700.0427856445312 137.00842094421387 32.540496826171875 36.325435638427734
0 0.027107589 608.4840087890625 113.37102699279785 18.262893676757812 15.28593921661377
58 0.026278038 68.68807411193848 113.72181701660156 23.629451751708984 45.66350555419922
39 0.020362023 372.3460922241211 326.22342681884766 14.819000244140625 31.9141845703125
12 0.010298765 437.3573913574219 122.88584804534912 20.708770751953125 25.23585319519043
58 0.0074295877 700.9509887695312 130.84114265441895 51.37779235839844 51.56540393829346
2 0.0069695655 733.6524353027344 127.21960258483887 14.942184448242188 15.416873931884766
2 0.0068729557 100.7981185913086 80.21868324279785 23.06604766845703 19.191055297851562
2 0.0066714254 84.14105415344238 85.18225479125977 57.41849899291992 27.58324956893921
2 0.00625572 66.4914608001709 92.88528442382812 21.791736602783203 18.768699645996094
58 0.0060202153 68.90180969238281 125.8860855102539 19.07944679260254 22.43448543548584
58 0.0054449704 100.75349807739258 204.5709228515625 36.24876594543457 13.312047958374023
16 0.99103534 221.44901275634766 385.38222885131836 177.94357681274414 302.57247161865234
1 0.9896989 348.24595642089844 277.44382095336914 439.4471740722656 294.4303665161133
7 0.9143512 578.8677062988281 123.43918132781982 227.8831329345703 96.96576118469238
58 0.074271135 80.47765731811523 104.67692756652832 50.30558967590332 49.24425029754639
58 0.052125003 700.0427856445312 137.00842094421387 32.540496826171875 36.325435638427734
0 0.027107589 608.4840087890625 113.37102699279785 18.262893676757812 15.28593921661377
58 0.026278038 68.68807411193848 113.72181701660156 23.629451751708984 45.66350555419922
39 0.020362023 372.3460922241211 326.22342681884766 14.819000244140625 31.9141845703125
12 0.010298765 437.3573913574219 122.88584804534912 20.708770751953125 25.23585319519043
58 0.0074295877 700.9509887695312 130.84114265441895 51.37779235839844 51.56540393829346
2 0.0069695655 733.6524353027344 127.21960258483887 14.942184448242188 15.416873931884766
2 0.0068729557 100.7981185913086 80.21868324279785 23.06604766845703 19.191055297851562
2 0.0066714254 84.14105415344238 85.18225479125977 57.41849899291992 27.58324956893921
2 0.00625572 66.4914608001709 92.88528442382812 21.791736602783203 18.768699645996094
58 0.0060202153 68.90180969238281 125.8860855102539 19.07944679260254 22.43448543548584
58 0.0054449704 100.75349807739258 204.5709228515625 36.24876594543457 13.312047958374023
