22 0.9956907 336.1077904701233 324.9042332172394 184.2961311340332 249.72955882549286
23 0.9893844 305.74727058410645 225.538969039917 288.9047861099243 379.83667850494385
22 0.9956907 336.1077904701233 324.9042332172394 184.2961311340332 249.72955882549286
23 0.9893844 305.74727058410645 225.538969039917 288.9047861099243 379.83667850494385
22 0.9956907 336.1077904701233 324.9042332172394 184.2961311340332 249.72955882549286
23 0.9893844 305.74727058410645 225.538969039917 288.9047861099243 379.83667850494385
22 0.9956907 336.1077904701233 324.9042332172394 184.2961311340332 249.72955882549286
23 0.9893844 305.74727058410645 225.538969039917 288.9047861099243 379.83667850494385
23 0.009393401 12.872293591499329 413.22171688079834 26.313256472349167 80.12154698371887
22 0.9956907 336.1077904701233 324.9042332172394 184.2961311340332 249.72955882549286
23 0.9893844 305.74727058410645 225.538969039917 288.9047861099243 379.83667850494385
23 0.009393401 12.872293591499329 413.22171688079834 26.313256472349167 80.12154698371887
22 0.9956907 336.1077904701233 324.9042332172394 184.2961311340332 249.72955882549286
23 0.9893844 305.74727058410645 225.538969039917 288.9047861099243 379.83667850494385
23 0.009393401 12.872293591499329 413.22171688079834 26.313256472349167 80.12154698371887
22 0.9956907 336.1077904701233 324.9042332172394 184.2961311340332 249.72955882549286
23 0.9893844 305.74727058410645 225.538969039917 288.9047861099243 379.83667850494385
23 0.009393401 12.872293591499329 413.22171688079834 26.313256472349167 80.12154698371887
22 0.9956907 336.1077904701233 324.9042332172394 184.2961311340332 249.72955882549286
23 0.9893844 305.74727058410645 225.538969039917 288.9047861099243 379.83667850494385
23 0.009393401 12.872293591499329 413.22171688079834 26.313256472349167 80.12154698371887
22 0.9956907 336.1077904701233 324.9042332172394 184.2961311340332 249.72955882549286
23 0.9893844 305.74727058410645 225.538969039917 288.9047861099243 379.83667850494385
23 0.009393401 12.872293591499329 413.22171688079834 26.313256472349167 80.12154698371887
