1 0.98751515 348.0041198730469 277.60679626464844 444.7777404785156 296.14320373535156
7 0.89864165 575.1242065429688 124.00244522094727 213.3863983154297 95.39373779296875
16 0.9807971 220.05404663085938 383.9047737121582 179.87425231933594 301.4933395385742
16 0.9807971 220.05404663085938 383.9047737121582 179.87425231933594 301.4933395385742
7 0.89864165 575.1242065429688 124.00244522094727 213.3863983154297 95.39373779296875
1 0.98751515 348.0041198730469 277.60679626464844 444.7777404785156 296.14320373535156
7 0.89864165 575.1242065429688 124.00244522094727 213.3863983154297 95.39373779296875
16 0.9807971 220.05404663085938 383.9047737121582 179.87425231933594 301.4933395385742
1 0.98751515 348.0041198730469 277.60679626464844 444.7777404785156 296.14320373535156
16 0.9807971 220.05404663085938 383.9047737121582 179.87425231933594 301.4933395385742
7 0.89864165 575.1242065429688 124.00244522094727 213.3863983154297 95.39373779296875
58 0.10257819 80.67960548400879 100.68830680847168 56.00320816040039 57.360039710998535
58 0.033797532 68.33402252197266 107.25675773620605 25.55514907836914 45.382118225097656
0 0.021413147 608.5194396972656 113.6726016998291 15.641006469726562 14.260631561279297
58 0.019223483 701.5504760742188 136.74793338775635 30.412948608398438 33.906538009643555
58 0.018220626 81.61096572875977 113.41806221008301 37.84248161315918 34.725345611572266
2 0.016974734 100.73542785644531 80.21713829040527 23.922964096069336 19.802401542663574
39 0.013617248 372.1651840209961 325.2393608093262 15.01666259765625 29.580345153808594
58 0.00924342 90.65496826171875 104.37720680236816 35.03807830810547 40.28496837615967
2 0.0073005855 732.6289672851562 126.19330787658691 16.87518310546875 15.594646453857422
2 0.0059548477 66.99477767944336 93.54387187957764 21.57721710205078 20.358335494995117
2 0.0057379087 84.76186752319336 85.27665138244629 58.02051544189453 29.640581130981445
58 0.0054045096 89.94624710083008 113.0643196105957 25.40562629699707 24.268773078918457
62 0.0053396467 42.69774055480957 142.77150535583496 84.40227127075195 197.3708610534668
1 0.98751515 348.0041198730469 277.60679626464844 444.7777404785156 296.14320373535156
16 0.9807971 220.05404663085938 383.9047737121582 179.87425231933594 301.4933395385742
7 0.89864165 575.1242065429688 124.00244522094727 213.3863983154297 95.39373779296875
58 0.10257819 80.67960548400879 100.68830680847168 56.00320816040039 57.360039710998535
58 0.033797532 68.33402252197266 107.25675773620605 25.55514907836914 45.382118225097656
0 0.021413147 608.5194396972656 113.6726016998291 15.641006469726562 14.260631561279297
58 0.019223483 701.5504760742188 136.74793338775635 30.412948608398438 33.906538009643555
58 0.018220626 81.61096572875977 113.41806221008301 37.84248161315918 34.725345611572266
2 0.016974734 100.73542785644531 80.21713829040527 23.922964096069336 19.802401542663574
39 0.013617248 372.1651840209961 325.2393608093262 15.01666259765625 29.580345153808594
58 0.00924342 90.65496826171875 104.37720680236816 35.03807830810547 40.28496837615967
2 0.0073005855 732.6289672851562 126.19330787658691 16.87518310546875 15.594646453857422
2 0.0059548477 66.99477767944336 93.54387187957764 21.57721710205078 20.358335494995117
2 0.0057379087 84.76186752319336 85.27665138244629 58.02051544189453 29.640581130981445
58 0.0054045096 89.94624710083008 113.0643196105957 25.40562629699707 24.268773078918457
62 0.0053396467 42.69774055480957 142.77150535583496 84.40227127075195 197.3708610534668
0 0.021413147 608.5194396972656 113.6726016998291 15.641006469726562 14.260631561279297
1 0.98751515 348.0041198730469 277.60679626464844 444.7777404785156 296.14320373535156
2 0.02538441 82.64401817321777 96.14436149597168 52.303653717041016 47.72303009033203
2 0.016974734 100.73542785644531 80.21713829040527 23.922964096069336 19.802401542663574
2 0.0073005855 732.6289672851562 126.19330787658691 16.87518310546875 15.594646453857422
2 0.0059548477 66.99477767944336 93.54387187957764 21.57721710205078 20.358335494995117
7 0.89864165 575.1242065429688 124.00244522094727 213.3863983154297 95.39373779296875
16 0.9807971 220.05404663085938 383.9047737121582 179.87425231933594 301.4933395385742
39 0.013617248 372.1651840209961 325.2393608093262 15.01666259765625 29.580345153808594
58 0.10257819 80.67960548400879 100.68830680847168 56.00320816040039 57.360039710998535
58 0.033797532 68.33402252197266 107.25675773620605 25.55514907836914 45.382118225097656
58 0.019223483 701.5504760742188 136.74793338775635 30.412948608398438 33.906538009643555
58 0.018220626 81.61096572875977 113.41806221008301 37.84248161315918 34.725345611572266
58 0.00924342 90.65496826171875 104.37720680236816 35.03807830810547 40.28496837615967
58 0.0054045096 89.94624710083008 113.0643196105957 25.40562629699707 24.268773078918457
62 0.0053396467 42.69774055480957 142.77150535583496 84.40227127075195 197.3708610534668
1 0.98751515 348.0041198730469 277.60679626464844 444.7777404785156 296.14320373535156
16 0.9807971 220.05404663085938 383.9047737121582 179.87425231933594 301.4933395385742
7 0.89864165 575.1242065429688 124.00244522094727 213.3863983154297 95.39373779296875
58 0.10257819 80.67960548400879 100.68830680847168 56.00320816040039 57.360039710998535
58 0.033797532 68.33402252197266 107.25675773620605 25.55514907836914 45.382118225097656
0 0.021413147 608.5194396972656 113.6726016998291 15.641006469726562 14.260631561279297
58 0.019223483 701.5504760742188 136.74793338775635 30.412948608398438 33.906538009643555
58 0.018220626 81.61096572875977 113.41806221008301 37.84248161315918 34.725345611572266
2 0.016974734 100.73542785644531 80.21713829040527 23.922964096069336 19.802401542663574
39 0.013617248 372.1651840209961 325.2393608093262 15.01666259765625 29.580345153808594
58 0.00924342 90.65496826171875 104.37720680236816 35.03807830810547 40.28496837615967
2 0.0073005855 732.6289672851562 126.19330787658691 16.87518310546875 15.594646453857422
2 0.0059548477 66.99477767944336 93.54387187957764 21.57721710205078 20.358335494995117
2 0.0057379087 84.76186752319336 85.27665138244629 58.02051544189453 29.640581130981445
58 0.0054045096 89.94624710083008 113.0643196105957 25.40562629699707 24.268773078918457
62 0.0053396467 42.69774055480957 142.77150535583496 84.40227127075195 197.3708610534668
1 0.98751515 348.0041198730469 277.60679626464844 444.7777404785156 296.14320373535156
16 0.9807971 220.05404663085938 383.9047737121582 179.87425231933594 301.4933395385742
7 0.89864165 575.1242065429688 124.00244522094727 213.3863983154297 95.39373779296875
58 0.10257819 80.67960548400879 100.68830680847168 56.00320816040039 57.360039710998535
58 0.033797532 68.33402252197266 107.25675773620605 25.55514907836914 45.382118225097656
0 0.021413147 608.5194396972656 113.6726016998291 15.641006469726562 14.260631561279297
58 0.019223483 701.5504760742188 136.74793338775635 30.412948608398438 33.906538009643555
58 0.018220626 81.61096572875977 113.41806221008301 37.84248161315918 34.725345611572266
2 0.016974734 100.73542785644531 80.21713829040527 23.922964096069336 19.802401542663574
39 0.013617248 372.1651840209961 325.2393608093262 15.01666259765625 29.580345153808594
58 0.00924342 90.65496826171875 104.37720680236816 35.03807830810547 40.28496837615967
2 0.0073005855 732.6289672851562 126.19330787658691 16.87518310546875 15.594646453857422
2 0.0059548477 66.99477767944336 93.54387187957764 21.57721710205078 20.358335494995117
2 0.0057379087 84.76186752319336 85.27665138244629 58.02051544189453 29.640581130981445
58 0.0054045096 89.94624710083008 113.0643196105957 25.40562629699707 24.268773078918457
62 0.0053396467 42.69774055480957 142.77150535583496 84.40227127075195 197.3708610534668
1 0.98751515 348.0041198730469 277.60679626464844 444.7777404785156 296.14320373535156
16 0.9807971 220.05404663085938 383.9047737121582 179.87425231933594 301.4933395385742
7 0.89864165 575.1242065429688 124.00244522094727 213.3863983154297 95.39373779296875
58 0.10257819 80.67960548400879 100.68830680847168 56.00320816040039 57.360039710998535
58 0.033797532 68.33402252197266 107.25675773620605 25.55514907836914 45.382118225097656
0 0.021413147 608.5194396972656 113.6726016998291 15.641006469726562 14.260631561279297
58 0.019223483 701.5504760742188 136.74793338775635 30.412948608398438 33.906538009643555
58 0.018220626 81.61096572875977 113.41806221008301 37.84248161315918 34.725345611572266
2 0.016974734 100.73542785644531 80.21713829040527 23.922964096069336 19.802401542663574
39 0.013617248 372.1651840209961 325.2393608093262 15.01666259765625 29.580345153808594
58 0.00924342 90.65496826171875 104.37720680236816 35.03807830810547 40.28496837615967
2 0.0073005855 732.6289672851562 126.19330787658691 16.87518310546875 15.594646453857422
2 0.0059548477 66.99477767944336 93.54387187957764 21.57721710205078 20.358335494995117
2 0.0057379087 84.76186752319336 85.27665138244629 58.02051544189453 29.640581130981445
58 0.0054045096 89.94624710083008 113.0643196105957 25.40562629699707 24.268773078918457
62 0.0053396467 42.69774055480957 142.77150535583496 84.40227127075195 197.3708610534668
