62 0.9985619783401489 79 215 151 98
62 0.9847288131713867 599 250 82 84
56 0.9803614616394043 323 268 58 101
75 0.9274038672447205 567 349 37 101
56 0.9209507703781128 387 267 53 99
0 0.9178241491317749 436 227 53 141
56 0.8191472291946411 425 267 35 88
75 0.512430727481842 176 250 18 35
72 0.44830483198165894 500 225 26 117
58 0.44078776240348816 249 194 35 36
0 0.4306037127971649 393 192 17 38
72 0.41373345255851746 478 226 63 131
56 0.2786200940608978 401 267 58 100
75 0.27626240253448486 353 208 11 18
60 0.27284300327301025 550 386 183 81
75 0.2604415714740753 247 205 11 14
