58 0.9666748046875 385 282 90 140
59 0.8911303877830505 201 351 398 271
56 0.838182270526886 298 274 103 87
58 0.8329518437385559 214 180 55 96
39 0.6285548806190491 105 210 18 41
73 0.6285318732261658 531 268 36 41
73 0.5857080221176147 522 209 10 33
73 0.5683684945106506 537 163 28 36
73 0.5152767300605774 511 210 11 33
73 0.4980601370334625 534 209 9 33
73 0.47914066910743713 438 209 11 34
73 0.47783759236335754 546 209 11 34
73 0.4757508337497711 449 164 11 35
73 0.46009281277656555 472 317 9 42
73 0.4363468885421753 536 116 11 35
73 0.42465725541114807 487 271 17 32
73 0.42260128259658813 487 265 114 57
73 0.41838935017585754 498 211 13 30
73 0.4115976393222809 449 209 11 33
73 0.4105690121650696 522 209 18 35
73 0.40812715888023376 438 317 9 42
73 0.4070287048816681 448 317 11 42
73 0.40557804703712463 511 267 31 39
73 0.404293417930603 437 163 10 36
73 0.3946085274219513 436 267 11 35
73 0.39399421215057373 462 317 10 42
73 0.39126673340797424 497 271 21 32
73 0.38472771644592285 486 66 10 31
73 0.38374996185302734 472 270 12 33
73 0.38191115856170654 510 67 9 27
73 0.36853963136672974 508 161 35 12
73 0.3494342565536499 521 67 8 29
73 0.3478129208087921 461 165 12 34
73 0.34079447388648987 498 67 9 28
73 0.33496081829071045 510 173 37 14
73 0.3322155475616455 547 115 10 36
73 0.32850515842437744 459 267 11 38
73 0.31730911135673523 449 267 13 37
73 0.30589044094085693 459 210 10 31
73 0.30087047815322876 475 166 13 32
73 0.2916035056114197 525 115 10 37
73 0.2817791998386383 483 317 10 42
73 0.2740243971347809 508 266 53 48
75 0.25708696246147156 218 216 26 21
73 0.25325849652290344 473 267 18 37
